t # 0
v 0 0
v 1 0
v 2 0
v 3 0
v 4 0
v 5 0
v 6 0
v 7 0
v 8 0
v 9 0
v 10 0
v 11 0
v 12 0
v 13 0
v 14 0
v 15 0
v 16 0
v 17 0
v 18 0
v 19 1
v 20 1
v 21 1
v 22 1
v 23 1
v 24 1
v 25 1
v 26 1
v 27 1
v 28 1
v 29 1
v 30 1
v 31 2
v 32 2
v 33 2
v 34 2
v 35 2
v 36 2
v 37 2
v 38 2
v 39 2
v 40 2
v 41 2
v 42 2
v 43 2
v 44 2
v 45 2
v 46 2
v 47 2
v 48 2
v 49 2
v 50 2
v 51 2
v 52 2
v 53 2
v 54 2
v 55 2
v 56 2
v 57 2
v 58 2
v 59 2
v 60 2
v 61 2
v 62 2
v 63 2
v 64 2
v 65 2
v 66 2
v 67 2
v 68 2
v 69 2
v 70 2
v 71 2
v 72 2
v 73 2
v 74 2
v 75 2
v 76 2
v 77 2
v 78 2
v 79 2
v 80 2
v 81 2
v 82 2
v 83 2
v 84 2
v 85 2
v 86 2
v 87 2
v 88 2
v 89 2
v 90 2
v 91 2
v 92 2
v 93 2
v 94 2
v 95 2
v 96 2
v 97 2
v 98 2
v 99 2
v 100 2
v 101 2
v 102 2
v 103 2
v 104 2
v 105 2
v 106 2
v 107 2
v 108 2
v 109 2
v 110 2
e 0 33 1
e 1 35 2
e 2 39 2
e 3 41 2
e 4 76 1
e 4 77 1
e 5 44 2
e 6 50 2
e 7 52 2
e 8 87 1
e 8 92 1
e 9 56 2
e 10 66 2
e 11 67 2
e 12 72 2
e 13 73 2
e 14 82 2
e 15 93 1
e 16 98 1
e 17 107 1
e 17 109 1
e 18 108 1
e 18 110 1
e 19 32 1
e 19 35 1
e 19 46 1
e 20 31 1
e 20 41 1
e 20 49 1
e 21 36 1
e 21 39 1
e 21 58 1
e 22 34 1
e 22 50 1
e 22 59 1
e 23 40 1
e 23 56 1
e 24 45 1
e 24 67 1
e 24 84 1
e 25 44 1
e 25 54 1
e 26 51 1
e 26 73 1
e 26 88 1
e 27 47 1
e 27 66 1
e 28 52 1
e 28 64 1
e 29 65 1
e 29 72 1
e 30 69 1
e 30 82 1
e 31 33 1
e 31 35 1
e 32 37 1
e 32 44 1
e 33 42 1
e 34 38 1
e 34 39 1
e 36 43 1
e 36 52 1
e 37 48 1
e 38 53 1
e 40 41 1
e 40 60 1
e 42 61 2
e 42 62 1
e 43 55 1
e 45 56 1
e 45 57 1
e 47 50 1
e 47 70 1
e 48 68 2
e 48 71 1
e 51 63 1
e 51 66 1
e 53 74 2
e 53 75 1
e 54 72 1
e 54 83 1
e 55 80 2
e 55 85 1
e 57 81 1
e 61 78 1
e 62 79 2
e 63 86 1
e 64 82 1
e 64 90 1
e 65 67 1
e 65 91 1
e 68 77 1
e 69 73 1
e 69 96 1
e 71 89 2
e 74 94 1
e 75 95 2
e 76 78 2
e 76 79 1
e 77 93 2
e 80 87 1
e 81 99 2
e 81 100 1
e 85 97 2
e 86 101 2
e 86 102 1
e 87 98 2
e 89 93 1
e 92 94 2
e 92 95 1
e 97 98 1
e 99 103 1
e 100 104 2
e 101 105 1
e 102 106 2
e 103 107 2
e 104 107 1
e 105 108 2
e 106 108 1
t # 1
v 0 1
v 1 1
v 2 1
v 3 1
v 4 1
v 5 1
v 6 1
v 7 2
v 8 2
v 9 2
v 10 2
v 11 2
v 12 2
v 13 2
v 14 2
v 15 2
v 16 2
v 17 2
v 18 2
v 19 2
v 20 2
v 21 2
v 22 2
v 23 2
v 24 2
v 25 2
v 26 2
v 27 2
v 28 2
v 29 2
v 30 2
v 31 2
v 32 2
v 33 2
v 34 2
v 35 2
v 36 2
v 37 2
v 38 2
v 39 2
v 40 2
v 41 2
v 42 2
v 43 2
v 44 2
v 45 2
v 46 2
v 47 2
v 48 2
v 49 2
v 50 2
v 51 2
v 52 2
v 53 2
v 54 2
v 55 2
v 56 2
v 57 2
v 58 2
v 59 2
v 60 2
v 61 2
v 62 2
v 63 2
v 64 2
v 65 2
v 66 2
e 0 7 1
e 0 9 1
e 0 13 1
e 1 8 2
e 1 10 1
e 2 31 2
e 2 33 1
e 2 37 1
e 3 15 1
e 4 20 1
e 5 34 2
e 5 35 1
e 6 47 1
e 7 8 1
e 7 11 1
e 8 12 1
e 9 10 2
e 9 17 1
e 10 16 1
e 11 15 2
e 12 14 1
e 12 21 2
e 13 19 1
e 13 22 2
e 14 15 1
e 14 23 2
e 16 18 1
e 16 25 2
e 17 20 2
e 18 20 1
e 18 26 2
e 19 24 1
e 19 28 2
e 21 27 1
e 22 29 1
e 23 30 1
e 24 32 1
e 24 39 2
e 25 36 1
e 26 38 1
e 27 30 2
e 28 44 1
e 29 32 2
e 31 34 1
e 31 43 1
e 33 35 2
e 33 45 1
e 34 40 1
e 35 41 1
e 36 38 2
e 37 46 1
e 37 51 2
e 39 48 1
e 40 42 1
e 40 53 2
e 41 49 1
e 41 54 2
e 42 47 1
e 42 55 2
e 43 47 2
e 44 48 2
e 45 50 2
e 46 52 1
e 46 57 2
e 49 50 1
e 49 56 2
e 51 58 1
e 52 59 1
e 52 63 2
e 53 60 1
e 54 62 1
e 55 61 1
e 56 64 1
e 57 65 1
e 58 59 2
e 60 61 2
e 62 64 2
e 63 66 1
e 65 66 2
t # 2
v 0 1
v 1 1
v 2 1
v 3 1
v 4 2
v 5 2
v 6 2
v 7 2
v 8 2
v 9 2
v 10 2
v 11 2
v 12 2
v 13 2
v 14 2
v 15 2
v 16 2
v 17 2
v 18 2
v 19 2
v 20 2
v 21 2
v 22 2
v 23 2
v 24 2
v 25 2
v 26 2
v 27 2
v 28 2
v 29 2
v 30 2
v 31 2
v 32 2
v 33 2
v 34 2
v 35 2
v 36 2
v 37 2
v 38 2
v 39 2
v 40 2
v 41 2
v 42 2
v 43 2
v 44 2
v 45 2
e 0 26 1
e 0 30 2
e 1 27 1
e 1 31 2
e 2 36 1
e 2 42 2
e 3 37 1
e 3 43 2
e 4 5 1
e 4 10 1
e 4 12 1
e 5 8 1
e 5 18 1
e 5 19 1
e 6 7 1
e 6 11 1
e 6 13 1
e 7 9 1
e 7 20 1
e 7 21 1
e 8 10 1
e 8 14 1
e 9 11 1
e 9 15 1
e 12 16 1
e 12 22 1
e 13 17 1
e 13 23 1
e 14 16 1
e 14 26 2
e 15 17 1
e 15 27 2
e 16 28 2
e 17 29 2
e 22 24 1
e 23 25 1
e 24 25 1
e 24 32 2
e 25 33 2
e 28 30 1
e 29 31 1
e 30 36 1
e 31 37 1
e 32 34 1
e 33 35 1
e 34 35 2
e 36 38 2
e 37 39 2
e 38 40 1
e 39 41 1
e 40 44 2
e 41 45 2
e 42 44 1
e 43 45 1
t # 3
v 0 1
v 1 1
v 2 1
v 3 1
v 4 2
v 5 2
v 6 2
v 7 2
v 8 2
v 9 2
v 10 2
v 11 2
v 12 2
v 13 2
v 14 2
v 15 2
v 16 2
v 17 2
v 18 2
v 19 2
v 20 2
v 21 2
v 22 2
v 23 2
v 24 2
v 25 2
v 26 2
v 27 2
v 28 2
v 29 2
v 30 2
v 31 2
v 32 2
v 33 2
v 34 2
v 35 2
v 36 2
v 37 2
v 38 2
v 39 2
v 40 2
v 41 2
v 42 2
v 43 2
v 44 2
v 45 2
e 0 24 1
e 0 31 2
e 1 25 1
e 1 32 2
e 2 36 1
e 2 42 2
e 3 37 1
e 3 43 2
e 4 5 1
e 4 8 1
e 4 18 1
e 4 19 1
e 5 10 1
e 5 12 1
e 6 7 1
e 6 9 1
e 6 20 1
e 6 21 1
e 7 11 1
e 7 13 1
e 8 10 1
e 8 14 1
e 9 11 1
e 9 15 1
e 12 16 1
e 12 22 1
e 13 17 1
e 13 23 1
e 14 16 1
e 14 24 2
e 15 17 1
e 15 25 2
e 16 26 2
e 17 27 2
e 22 28 1
e 23 29 1
e 26 31 1
e 27 32 1
e 28 30 1
e 28 33 2
e 29 30 2
e 29 34 1
e 31 36 1
e 32 37 1
e 33 35 1
e 34 35 2
e 36 38 2
e 37 39 2
e 38 40 1
e 39 41 1
e 40 44 2
e 41 45 2
e 42 44 1
e 43 45 1
t # 4
v 0 1
v 1 1
v 2 1
v 3 1
v 4 2
v 5 2
v 6 2
v 7 2
v 8 2
v 9 2
v 10 2
v 11 2
v 12 2
v 13 2
v 14 2
v 15 2
v 16 2
v 17 2
v 18 2
v 19 2
v 20 2
v 21 2
v 22 2
v 23 2
v 24 2
v 25 2
v 26 2
v 27 2
v 28 2
v 29 2
v 30 2
v 31 2
v 32 2
v 33 2
v 34 2
v 35 2
v 36 2
v 37 2
v 38 2
v 39 2
v 40 2
v 41 2
v 42 2
v 43 2
v 44 2
v 45 2
e 0 24 1
e 0 30 2
e 1 25 1
e 1 31 2
e 2 36 1
e 2 42 2
e 3 37 1
e 3 43 2
e 4 5 1
e 4 8 1
e 4 18 1
e 4 19 1
e 5 10 1
e 5 12 1
e 6 7 1
e 6 9 1
e 6 20 1
e 6 21 1
e 7 11 1
e 7 13 1
e 8 10 1
e 8 14 1
e 9 11 1
e 9 15 1
e 12 16 1
e 12 22 1
e 13 17 1
e 13 23 1
e 14 16 1
e 14 24 2
e 15 17 1
e 15 25 2
e 16 26 2
e 17 27 2
e 22 28 1
e 23 29 1
e 26 30 1
e 27 31 1
e 28 32 2
e 28 33 1
e 29 34 2
e 29 35 1
e 30 36 1
e 31 37 1
e 32 34 1
e 33 35 2
e 36 38 2
e 37 39 2
e 38 40 1
e 39 41 1
e 40 44 2
e 41 45 2
e 42 44 1
e 43 45 1
t # 5
v 0 1
v 1 1
v 2 1
v 3 1
v 4 2
v 5 2
v 6 2
v 7 2
v 8 2
v 9 2
v 10 2
v 11 2
v 12 2
v 13 2
v 14 2
v 15 2
v 16 2
v 17 2
v 18 2
v 19 2
v 20 2
v 21 2
v 22 2
v 23 2
v 24 2
v 25 2
v 26 2
v 27 2
v 28 2
v 29 2
v 30 2
v 31 2
v 32 2
v 33 2
v 34 2
v 35 2
v 36 2
v 37 2
v 38 2
v 39 2
v 40 2
v 41 2
v 42 2
e 0 27 1
e 0 31 2
e 1 28 1
e 1 32 2
e 2 33 1
e 2 39 2
e 3 34 1
e 3 40 2
e 4 5 1
e 4 10 1
e 4 12 1
e 5 8 1
e 5 18 1
e 5 19 1
e 6 7 1
e 6 11 1
e 6 13 1
e 7 9 1
e 7 20 1
e 7 21 1
e 8 10 1
e 8 14 1
e 9 11 1
e 9 15 1
e 12 16 1
e 12 22 1
e 13 17 1
e 13 23 1
e 14 16 1
e 14 27 2
e 15 17 1
e 15 28 2
e 16 29 2
e 17 30 2
e 22 24 1
e 23 25 1
e 24 26 1
e 25 26 1
e 29 31 1
e 30 32 1
e 31 33 1
e 32 34 1
e 33 35 2
e 34 36 2
e 35 37 1
e 36 38 1
e 37 41 2
e 38 42 2
e 39 41 1
e 40 42 1
t # 6
v 0 0
v 1 0
v 2 0
v 3 0
v 4 0
v 5 0
v 6 0
v 7 0
v 8 0
v 9 0
v 10 2
v 11 2
v 12 2
v 13 2
v 14 2
v 15 2
v 16 2
v 17 2
v 18 2
v 19 2
v 20 2
v 21 2
v 22 2
v 23 2
v 24 2
v 25 2
v 26 2
v 27 2
v 28 2
v 29 2
v 30 2
v 31 2
v 32 2
v 33 2
v 34 2
v 35 2
v 36 2
v 37 2
e 0 10 1
e 0 14 1
e 16 1 1
e 1 20 1
e 2 14 1
e 2 30 1
e 3 17 1
e 3 29 1
e 4 22 1
e 4 35 1
e 5 19 1
e 6 23 2
e 7 29 2
e 8 34 2
e 9 35 2
e 10 11 1
e 10 17 1
e 10 19 1
e 11 13 1
e 11 23 1
e 12 14 1
e 12 15 1
e 12 21 1
e 13 24 1
e 13 25 1
e 13 31 1
e 14 23 1
e 15 18 1
e 15 26 1
e 16 18 1
e 16 20 1
e 16 28 1
e 17 22 1
e 17 32 1
e 18 33 1
e 18 34 1
e 19 27 1
e 19 29 1
e 20 21 1
e 22 24 1
e 25 30 1
e 25 35 1
e 26 27 1
e 28 36 1
e 34 37 1
e 36 37 2
t # 7
v 0 0
v 1 0
v 2 0
v 3 0
v 4 0
v 5 0
v 6 0
v 7 0
v 8 0
v 9 0
v 10 0
v 11 0
v 12 0
v 13 0
v 14 1
v 15 2
v 16 2
v 17 2
v 18 2
v 19 2
v 20 2
v 21 2
v 22 2
v 23 2
v 24 2
v 25 2
v 26 2
v 27 2
v 28 2
v 29 2
v 30 2
v 31 2
v 32 2
v 33 2
v 34 2
v 35 2
v 36 2
v 37 2
v 38 2
v 39 2
v 40 2
v 41 2
v 42 2
v 43 2
v 44 2
v 45 2
v 46 2
v 47 2
v 48 2
v 49 2
v 50 2
v 51 2
v 52 2
v 53 2
v 54 2
v 55 2
e 0 18 1
e 0 37 1
e 19 1 1
e 1 39 1
e 2 22 2
e 3 25 1
e 4 24 2
e 5 26 2
e 6 36 1
e 6 43 1
e 7 32 1
e 8 38 1
e 9 34 2
e 41 10 1
e 42 11 1
e 11 51 1
e 12 46 1
e 13 51 2
e 14 38 1
e 15 17 1
e 15 18 1
e 15 20 1
e 16 17 1
e 16 19 1
e 16 21 1
e 18 22 1
e 18 24 1
e 19 23 1
e 19 29 1
e 20 26 1
e 20 27 1
e 21 22 1
e 21 25 2
e 23 28 2
e 23 31 1
e 24 30 1
e 25 28 1
e 26 30 1
e 27 34 1
e 28 32 1
e 30 38 2
e 31 35 2
e 32 33 2
e 33 35 1
e 33 36 1
e 34 44 1
e 36 40 1
e 40 41 1
e 41 42 1
e 42 43 1
e 43 45 1
e 44 46 1
e 44 47 2
e 46 48 2
e 47 49 1
e 48 50 1
e 49 50 2
e 51 52 1
e 52 53 1
e 52 54 2
e 54 55 1
t # 8
v 0 3
v 1 4
v 2 0
v 3 0
v 4 1
v 5 1
v 6 1
v 7 2
v 8 2
v 9 2
v 10 2
v 11 2
v 12 2
v 13 2
v 14 2
v 15 2
v 16 2
v 17 2
v 18 2
v 19 2
v 20 2
v 21 2
v 22 2
v 23 2
v 24 2
e 0 20 1
e 1 9 1
e 1 11 1
e 2 16 2
e 3 23 2
e 4 9 1
e 4 12 1
e 5 13 2
e 5 22 1
e 6 17 1
e 6 24 1
e 7 8 1
e 7 10 1
e 7 11 1
e 7 14 1
e 8 9 1
e 10 12 2
e 10 13 1
e 11 18 2
e 12 16 1
e 13 15 1
e 14 20 2
e 15 17 2
e 15 19 1
e 16 17 1
e 18 23 1
e 19 21 1
e 19 24 2
e 20 23 1
e 21 22 1
t # 9
v 0 4
v 1 0
v 2 0
v 3 0
v 4 0
v 5 0
v 6 0
v 7 0
v 8 0
v 9 0
v 10 0
v 11 0
v 12 0
v 13 1
v 14 1
v 15 1
v 16 1
v 17 2
v 18 2
v 19 2
v 20 2
v 21 2
v 22 2
v 23 2
v 24 2
v 25 2
v 26 2
v 27 2
v 28 2
v 29 2
v 30 2
v 31 2
v 32 2
v 33 2
v 34 2
v 35 2
v 36 2
v 37 2
v 38 2
v 39 2
v 40 2
v 41 2
v 42 2
v 43 2
v 44 2
v 45 2
v 46 2
v 47 2
v 48 2
v 49 2
v 50 2
v 51 2
v 52 2
v 53 2
v 54 2
v 55 2
v 56 2
v 57 2
v 58 2
v 59 2
v 60 2
v 61 2
v 62 2
v 63 2
v 64 2
v 65 2
e 0 9 1
e 0 10 1
e 0 11 2
e 0 12 2
e 1 23 1
e 1 41 1
e 21 2 1
e 3 31 1
e 3 52 1
e 4 31 2
e 5 38 1
e 5 59 1
e 6 41 2
e 7 46 1
e 7 62 1
e 8 46 2
e 9 65 1
e 13 18 1
e 13 25 1
e 13 29 1
e 14 19 1
e 14 27 1
e 14 33 1
e 15 45 1
e 15 47 1
e 15 54 1
e 16 43 1
e 16 58 1
e 17 18 1
e 17 19 1
e 17 22 1
e 17 24 1
e 18 20 1
e 19 21 1
e 20 23 1
e 20 26 1
e 20 28 1
e 21 23 1
e 21 31 1
e 22 25 1
e 24 27 1
e 24 32 2
e 26 35 1
e 27 34 2
e 28 30 2
e 29 30 1
e 32 36 1
e 34 38 1
e 36 37 1
e 36 38 2
e 37 39 1
e 37 43 1
e 37 46 1
e 39 40 1
e 40 42 1
e 40 45 1
e 41 51 1
e 42 44 1
e 42 48 1
e 43 50 2
e 44 47 1
e 44 49 1
e 48 53 1
e 49 55 1
e 50 56 1
e 50 57 1
e 53 55 1
e 54 56 1
e 57 58 1
e 57 60 2
e 58 61 2
e 60 63 1
e 61 64 1
e 63 64 2
