46 47 176 191 192 193 194 202 203 204 205 206 207 208
32 36 37 38 39 40 41 48 53 54 68 177 178 179 180 181 182 183 184 185 186 187 188 189 190 209
36 37 38 48 53 195 196 198 199 200 201 209
0 1 4 48 69 90 129 130 135 136 137 144 145 146 153 156 171 172
31 42 43 44 45 70 73 76 77 78 81 82 83 84 86 88 89 210 211 212 213 214 215 216
0 1 2 3 13 14 15 16 46 47 48 49 50 51 52 63 64 90 91 92 93 94 95 96 97 98 129 130 131 132 133 134 138 139 140 141 142 143 147 148 149 150 151 152 153 176 191 192 193 194
0 1 5 6 7 8 9 10 11 12 17 18 19 20 21 22 23 24 25 26 27 28 29 30 31 33 34 35 42 44 48 55 56 57 58 59 60 61 62 65 66 67 70 71 73 75 78 79 80 86 90 99 100 101 102 103 104 105 106 107 108 109 110 111 112 113 114 115 116 117 118 119 120 121 122 123 124 125 126 127 128 153 154 155 156 157 158 159 160 161 162 163 164 165 166 167 168 169 170
31 42 44 70 72 73 74 78 85 86 87 173 174 175
36 195 197
46 47 176 191 192 193 194
46 47 176 191 192 193 194
