[[0], 0.35, 0]
[[4], 0.35, 0]
[[5], 0.6, 0]
[[6], 0.6, 0]
[[7], 0.35, 0]
[[9], 0.35, 0]
[[0], 0.35, 0]
[[4], 0.35, 0]
[[5], 0.6, 0]
[[6], 0.6, 0]
[[7], 0.35, 0]
[[9], 0.35, 0]
[[0], 0.35, 0]
[[4], 0.35, 0]
[[5], 0.6, 0]
[[6], 0.6, 0]
[[7], 0.35, 0]
[[9], 0.35, 0]
[[0], 0.35, 0]
[[4], 0.35, 0]
[[5], 0.6, 0]
[[6], 0.6, 0]
[[7], 0.35, 0]
[[9], 0.35, 0]
[[0], 0.35, 0]
[[4], 0.35, 0]
[[5], 0.6, 0]
[[6], 0.6, 0]
[[7], 0.35, 0]
[[9], 0.35, 0]
[[0], 0.35, 0]
[[4], 0.35, 0]
[[5], 0.6, 0]
[[6], 0.6, 0]
[[7], 0.35, 0]
[[9], 0.35, 0]
[[0], 0.35, 0]
[[4], 0.35, 0]
[[5], 0.6, 0]
[[6], 0.6, 0]
[[7], 0.35, 0]
[[9], 0.35, 0]
[[0], 0.35, 0]
[[4], 0.35, 0]
[[5], 0.6, 0]
[[6], 0.6, 0]
[[7], 0.35, 0]
[[9], 0.35, 0]
[[0], 0.35, 0]
[[4], 0.35, 0]
[[5], 0.6, 0]
[[6], 0.6, 0]
[[7], 0.35, 0]
[[9], 0.35, 0]
[[0], 0.35, 0]
[[4], 0.35, 0]
[[5], 0.6, 0]
[[6], 0.6, 0]
[[7], 0.35, 0]
[[9], 0.35, 0]
[[0], 0.35, 0]
[[4], 0.35, 0]
[[5], 0.6, 0]
[[6], 0.6, 0]
[[7], 0.35, 0]
[[9], 0.35, 0]
