[[2], 1.0, 0]
[[3], 1.0, 0]
[[4], 1.0, 0]
[[5], 0.9309576837416481, 0]
[[7], 0.9020044543429844, 0]
[[9], 0.9910913140311804, 0]
[[1], 1.0, 0]
[[2], 1.0, 0]
[[3], 1.0, 0]
[[4], 1.0, 0]
[[5], 1.0, 0]
[[8], 1.0, 0]
[[9], 1.0, 0]
[[2], 1.0, 0]
[[3], 1.0, 0]
[[4], 1.0, 0]
[[5], 1.0, 0]
[[7], 0.9444444444444444, 0]
[[8], 0.9666666666666667, 0]
[[9], 1.0, 0]
[[0], 1.0, 0]
[[1], 1.0, 0]
[[2], 1.0, 0]
[[3], 1.0, 0]
[[4], 1.0, 0]
[[5], 1.0, 0]
[[7], 1.0, 0]
[[8], 1.0, 0]
[[9], 1.0, 0]
[[2], 1.0, 0]
[[3], 1.0, 0]
[[4], 1.0, 0]
[[5], 1.0, 0]
[[7], 0.9444444444444444, 0]
[[8], 0.9666666666666667, 0]
[[9], 1.0, 0]
[[2], 1.0, 0]
[[3], 1.0, 0]
[[4], 1.0, 0]
[[5], 1.0, 0]
[[7], 0.9444444444444444, 0]
[[8], 0.9666666666666667, 0]
[[9], 1.0, 0]
[[2], 1.0, 0]
[[3], 1.0, 0]
[[4], 1.0, 0]
[[5], 1.0, 0]
[[7], 0.9444444444444444, 0]
[[8], 0.9666666666666667, 0]
[[9], 1.0, 0]
[[2], 1.0, 0]
[[3], 1.0, 0]
[[4], 1.0, 0]
[[5], 1.0, 0]
[[7], 0.9444444444444444, 0]
[[8], 0.9666666666666667, 0]
[[9], 1.0, 0]
